168.880
171.048
173.270
172.988
164.887
163.889
177.969
192.429
202.580
206.947
206.979
204.436
205.717
206.589
198.847
195.122
195.962
193.906
193.207
186.259
179.978
182.637
186.034
186.695
185.667
186.521
185.382
181.197
179.086
179.423
180.080
179.496
176.568
175.114
174.508
172.683
169.323
166.023
165.262
164.690
163.388
161.500
159.298
155.911
151.120
151.770
152.007
149.892
147.837
146.469
146.017
144.874
143.278
140.980
137.978
130.067
128.129
127.588
126.541
118.913
116.722
114.963
113.525
112.350
111.282
110.130
103.979
101.995
99.675
97.476
96.129
95.624
95.299
94.826
94.129
93.033
91.822
90.502