   4.0400000e+02   4.5721722e-05   3.4510953e-01   6.1609881e-19   1.042   1.0000000e+00   1.0000000e+00
   4.1000000e+02   1.7150642e-04   3.2548299e-01   6.1215148e-19   1.012   1.0000000e+00   1.0000000e+00
   4.1600000e+02   3.4126850e-04   3.0724310e-01   5.9654620e-19   1.009   1.0000000e+00   1.0000000e+00
   4.2100000e+02   6.3077368e-04   2.9027308e-01   5.8775317e-19   1.025   1.0000000e+00   1.0000000e+00
   4.2700000e+02   1.0154158e-03   2.7446690e-01   5.6362230e-19   1.034   1.0000000e+00   1.0000000e+00
   4.3300000e+02   1.4334428e-03   2.5972985e-01   5.4543264e-19   1.017   1.0000000e+00   1.0000000e+00
   4.3800000e+02   2.2445178e-03   2.4597593e-01   5.1988796e-19   1.019   1.0000000e+00   1.0000000e+00
   4.4400000e+02   3.1471655e-03   2.3312650e-01   4.9441339e-19   1.028   1.0000000e+00   1.0000000e+00
   4.5000000e+02   3.8643723e-03   2.2111045e-01   4.7263816e-19   1.035   1.0000000e+00   1.0000000e+00
   4.5600000e+02   5.4383790e-03   2.0986363e-01   4.3798343e-19   1.046   1.0000000e+00   1.0000000e+00
   4.6100000e+02   7.6060511e-03   1.9932748e-01   4.2071638e-19   1.051   1.0000000e+00   1.0000000e+00
   4.6700000e+02   8.8263142e-03   1.8944807e-01   3.8164446e-19   1.044   1.0000000e+00   1.0000000e+00
   4.7300000e+02   1.1023667e-02   1.8017713e-01   3.6192696e-19   1.041   1.0000000e+00   1.0000000e+00
   4.7900000e+02   1.5717955e-02   1.7146930e-01   3.3851601e-19   1.041   1.0000000e+00   1.0000000e+00
   4.8400000e+02   1.9271421e-02   1.6328424e-01   2.9859960e-19   1.023   1.0000000e+00   1.0000000e+00
   4.9000000e+02   2.1041103e-02   1.5558429e-01   2.8746060e-19   1.013   1.0000000e+00   1.0000000e+00
   4.9600000e+02   2.5668115e-02   1.4833549e-01   2.5834147e-19   1.020   1.0000000e+00   1.0000000e+00
   5.0100000e+02   3.4196507e-02   1.4150619e-01   2.2674047e-19   1.013   1.0000000e+00   1.0000000e+00
   5.0700000e+02   4.0106545e-02   1.3506725e-01   2.2530154e-19   1.013   1.0000000e+00   1.0000000e+00
   5.1300000e+02   4.2474797e-02   1.2899228e-01   1.9886358e-19   1.000   1.0000000e+00   1.0000000e+00
   5.1900000e+02   4.7542152e-02   1.2325661e-01   1.6849818e-19   0.991   1.0000000e+00   1.0000000e+00
   5.2400000e+02   5.7105709e-02   1.1783785e-01   1.6687547e-19   0.993   1.0000000e+00   1.0000000e+00
   5.3000000e+02   6.8194259e-02   1.1271478e-01   1.5212062e-19   0.998   1.0000000e+00   1.0000000e+00
   5.3600000e+02   7.4931366e-02   1.0786838e-01   1.2107362e-19   1.006   1.0000000e+00   1.0000000e+00
   5.4200000e+02   8.0082108e-02   1.0328088e-01   1.1710814e-19   1.014   1.0000000e+00   1.0000000e+00
   5.4700000e+02   8.6360060e-02   9.8935775e-02   1.1678372e-19   1.020   1.0000000e+00   1.0000000e+00
   5.5300000e+02   9.3169306e-02   9.4817658e-02   9.4154250e-20   1.021   1.0000000e+00   1.0000000e+00
   5.5900000e+02   1.0312984e-01   9.0912423e-02   7.5526052e-20   1.015   1.0000000e+00   1.0000000e+00
   5.6400000e+02   1.1485228e-01   8.7207104e-02   7.9354233e-20   1.016   1.0000000e+00   1.0000000e+00
   5.7000000e+02   1.2344242e-01   8.3689282e-02   7.5543315e-20   1.028   1.0000000e+00   1.0000000e+00
   5.7600000e+02   1.2558076e-01   8.0347702e-02   5.6599137e-20   1.038   1.0000000e+00   1.0000000e+00
   5.8200000e+02   1.2220687e-01   7.7171957e-02   4.6700883e-20   1.039   1.0000000e+00   1.0000000e+00
   5.8700000e+02   1.2041588e-01   7.4152193e-02   4.9543910e-20   1.036   1.0000000e+00   1.0000000e+00
   5.9300000e+02   1.2547263e-01   7.1279112e-02   4.8390665e-20   1.033   1.0000000e+00   1.0000000e+00
   5.9900000e+02   1.3385400e-01   6.8544333e-02   3.7748266e-20   1.038   1.0000000e+00   1.0000000e+00
   6.0500000e+02   1.3504287e-01   6.5939996e-02   2.7805396e-20   1.038   1.0000000e+00   1.0000000e+00
   6.1000000e+02   1.2660170e-01   6.3458494e-02   2.7898617e-20   1.038   1.0000000e+00   1.0000000e+00
   6.1600000e+02   1.1547321e-01   6.1093113e-02   3.1221199e-20   1.038   1.0000000e+00   1.0000000e+00
   6.2200000e+02   1.0620818e-01   5.8837231e-02   2.5377518e-20   1.050   1.0000000e+00   1.0000000e+00
   6.2700000e+02   9.8144878e-02   5.6684880e-02   1.7686823e-20   1.060   1.0000000e+00   1.0000000e+00
   6.3300000e+02   8.9746536e-02   5.4630297e-02   1.4403012e-20   1.063   1.0000000e+00   1.0000000e+00
   6.3900000e+02   8.0928374e-02   5.2668274e-02   1.5799653e-20   1.063   1.0000000e+00   1.0000000e+00
   6.4500000e+02   7.2710266e-02   5.0793834e-02   1.7384813e-20   1.058   1.0000000e+00   1.0000000e+00
   6.5000000e+02   6.5705956e-02   4.9002238e-02   1.4182360e-20   1.057   1.0000000e+00   1.0000000e+00
   6.5600000e+02   5.9393752e-02   4.7289240e-02   9.0909476e-21   1.046   1.0000000e+00   1.0000000e+00
   6.6200000e+02   5.3359773e-02   4.5650595e-02   6.5734209e-21   1.044   1.0000000e+00   1.0000000e+00
   6.6800000e+02   4.7331780e-02   4.4082540e-02   7.9615541e-21   1.043   1.0000000e+00   1.0000000e+00
   6.7300000e+02   4.1565486e-02   4.2581423e-02   9.3516489e-21   1.041   1.0000000e+00   1.0000000e+00
   6.7900000e+02   3.6760019e-02   4.1143818e-02   7.7003539e-21   1.041   1.0000000e+00   1.0000000e+00
   6.8500000e+02   3.2771807e-02   3.9766548e-02   5.2214162e-21   1.023   1.0000000e+00   1.0000000e+00
   6.9000000e+02   2.8629341e-02   3.8446604e-02   3.5044111e-21   1.026   1.0000000e+00   1.0000000e+00
   6.9600000e+02   2.4546405e-02   3.7181067e-02   2.7471296e-21   1.063   1.0000000e+00   1.0000000e+00
   7.0200000e+02   2.1342246e-02   3.5967300e-02   3.4270235e-21   1.076   1.0000000e+00   1.0000000e+00
   7.0800000e+02   1.9248863e-02   3.4802817e-02   4.4791041e-21   1.072   1.0000000e+00   1.0000000e+00
   7.1300000e+02   1.7787859e-02   3.3685162e-02   3.7754450e-21   1.069   1.0000000e+00   1.0000000e+00
   7.3600000e+02   1.1014482e-02   2.9640079e-02   1.2398080e-21   1.059   1.0000000e+00   1.0000000e+00
   7.4200000e+02   1.1001572e-02   2.8725382e-02   1.6364268e-21   1.052   1.0000000e+00   1.0000000e+00
   7.4800000e+02   1.0013093e-02   2.7873332e-02   1.4575215e-21   1.038   1.0000000e+00   1.0000000e+00
   7.5300000e+02   8.9746528e-03   2.7025960e-02   1.2490287e-21   1.022   1.0000000e+00   1.0000000e+00
   7.7600000e+02   7.2435739e-03   2.3942718e-02   4.4040944e-22   1.000   1.0000000e+00   1.0000000e+00
   7.8200000e+02   6.8438211e-03   2.3241795e-02   4.6904175e-22   1.005   1.0000000e+00   1.0000000e+00
   7.8800000e+02   6.0605064e-03   2.2566374e-02   4.9394575e-22   1.000   1.0000000e+00   1.0000000e+00
   7.9400000e+02   5.2268002e-03   2.1915348e-02   4.4812794e-22   0.992   1.0000000e+00   1.0000000e+00
   7.9900000e+02   4.7047866e-03   2.1287692e-02   3.3820426e-22   0.981   1.0000000e+00   1.0000000e+00
   8.0500000e+02   4.6007908e-03   2.0682381e-02   2.2033889e-22   1.000   1.0000000e+00   1.0000000e+00
   8.1100000e+02   4.7002100e-03   2.0098469e-02   1.3384617e-22   1.000   1.0000000e+00   1.0000000e+00
   8.3400000e+02   2.7603235e-03   1.7959493e-02   1.0797509e-22   1.000   1.0000000e+00   1.0000000e+00
   8.3900000e+02   2.5291609e-03   1.7469917e-02   1.1528561e-22   1.000   1.0000000e+00   1.0000000e+00
   8.4500000e+02   2.6434031e-03   1.6996923e-02   1.0007797e-22   1.000   1.0000000e+00   1.0000000e+00
   8.5100000e+02   2.8284047e-03   1.6539869e-02   7.3337753e-23   1.000   1.0000000e+00   1.0000000e+00
   8.5700000e+02   2.7680348e-03   1.6098093e-02   4.9910313e-23   1.000   1.0000000e+00   1.0000000e+00
   8.6200000e+02   2.3767407e-03   1.5671000e-02   3.5691385e-23   1.000   1.0000000e+00   1.0000000e+00
   8.6800000e+02   1.8542809e-03   1.5257989e-02   3.0354368e-23   1.000   1.0000000e+00   1.0000000e+00
   8.7400000e+02   1.4536201e-03   1.4858520e-02   3.2431828e-23   1.000   1.0000000e+00   1.0000000e+00
   8.8000000e+02   1.2768950e-03   1.4472071e-02   3.9590381e-23   1.000   1.0000000e+00   1.0000000e+00
   8.8500000e+02   1.2747069e-03   1.4098133e-02   4.8341813e-23   1.000   1.0000000e+00   1.0000000e+00
   8.9100000e+02   1.3323251e-03   1.3736208e-02   5.4430941e-23   1.000   1.0000000e+00   1.0000000e+00
   8.9700000e+02   1.3324936e-03   1.3385834e-02   5.4991407e-23   1.000   1.0000000e+00   1.0000000e+00
