   4.0000000e+02   2.9709520e-06   3.5885874e-01   6.1676791e-19   0.9798  1.0000   1.0000
   4.1200000e+02   2.2453472e-04   3.1864864e-01   6.0982778e-19   0.9718  1.0000   1.0000
   4.4300000e+02   3.0364484e-03   2.3565573e-01   4.9755801e-19   0.9747  1.0000   1.0000
   4.9000000e+02   2.0678078e-02   1.5488019e-01   2.9180222e-19   0.9781  1.0000   1.0000
   5.1000000e+02   4.1309364e-02   1.3149248e-01   2.1676484e-19   0.9827  1.0000   1.0000
   5.6000000e+02   1.0664299e-01   8.9755469e-02   7.4154657e-20   0.9892  1.0000   1.0000
   6.2000000e+02   1.0792750e-01   5.9338165e-02   2.7773859e-20   0.9922  1.0000   1.0000
   6.6500000e+02   4.9763573e-02   4.4692802e-02   6.7561975e-21   0.9920  1.0000   1.0000
   6.7400000e+02   4.0661268e-02   4.2382783e-02   1.0049898e-20   0.9943  1.0000   1.0000
   6.8100000e+02   3.4862732e-02   4.0513044e-02   6.1604574e-21   0.9962  1.0000   1.0000
   7.0900000e+02   1.8778584e-02   3.4508775e-02   4.9267573e-21   0.9960  1.0000   1.0000
   7.5400000e+02   8.5586009e-03   2.6892787e-02   1.3536826e-21   1.0030  1.0000   1.0000
   7.7900000e+02   7.6745644e-03   2.3568838e-02   3.8010409e-22   1.0050  1.0000   1.0000
   8.6500000e+02   2.0820155e-03   1.5437038e-02   2.6949336e-23   1.0000  1.0000   1.0000
   8.8500000e+02   1.2049361e-03   1.4145922e-02   4.2883635e-23   0.9960  1.0000   1.0000
                                                                           